
A:[ 2, 0, 0, 2, 0, -1, 2, 0, -1, 1, 0, -2, 1, 0, -2, 0, 0, -1, 0, 0, -1, 0, 0, 0, 2, 0, -1, 0, 0, -1 ]
B:[ 2, 0, 0, 2, 0, -2, 2, 0, -2, 0, 0, -2, 0, 0, -2, 1, 0, -1, 1, 0, -1, 0, 0, 0, 2, 0, -1, 1, 0, -1, 0, 0, 0, 2, 0, 0 ]
C:[ 0, 0, -2, 2, 0, -2, 2, 0, -2, 2, 0, 0, 2, 0, 0, 0, 0, 0 ]
D:[ 2, 0, 0, 2, 0, -2, 2, 0, -2, 1, 0, -2, 1, 0, -2, 0, 0, -1, 0, 0, -1, 1, 0, 0, 1, 0, 0, 2, 0, 0 ]
E:[ 0, 0, -2, 2, 0, -2, 2, 0, -2, 2, 0, 0, 2, 0, 0, 0, 0, 0, 2, 0, -1, 1, 0, -1 ]
F:[ 0, 0, -2, 2, 0, -2, 2, 0, -2, 2, 0, 0, 2, 0, -1, 1, 0, -1 ]
G:[ 0, 0, -2, 2, 0, -2, 2, 0, -2, 2, 0, 0, 2, 0, 0, 0, 0, 0, 0, 0, 0, 0, 0, -1, 0, 0, -1, 1, 0, -1 ]
H:[ 2, 0, -2, 2, 0, 0, 0, 0, -2, 0, 0, 0, 2, 0, -1, 0, 0, -1 ]
I:[ 1, 0, -2, 1, 0, 0 ]
J:[ 2, 0, -2, 0, 0, -2, 1, 0, -2, 1, 0, 0, 1, 0, 0, 2, 0, 0 ]
K:[ 2, 0, -2, 2, 0, 0, 0, 0, -2, 2, 0, -1, 2, 0, -1, 0, 0, 0 ]
L:[ 2, 0, -2, 2, 0, 0, 2, 0, 0, 0, 0, 0 ]
M:[ 2, 0, -2, 2, 0, 0, 2, 0, -2, 1, 0, -1, 1, 0, -1, 0, 0, -2, 0, 0, -2, 0, 0, 0 ]
N:[ 2, 0, -2, 2, 0, 0, 2, 0, -2, 0, 0, 0, 0, 0, -2, 0, 0, 0 ]
O:[ 2, 0, 0, 2, 0, -2, 2, 0, -2, 0, 0, -2, 0, 0, -2, 0, 0, 0, 0, 0, 0, 2, 0, 0 ]
P:[ 2, 0, 0, 2, 0, -2, 2, 0, -2, 0, 0, -2, 0, 0, -2, 0, 0, -1, 0, 0, -1, 2, 0, -1 ]
Q:[ 1, 0, -2, 2, 0, -1, 2, 0, -1, 1, 0, 0, 1, 0, 0, 0, 0, -1, 0, 0, -1, 1, 0, -2, 1, 0, -1, 0, 0, 0 ]
R:[ 2, 0, 0, 2, 0, -2, 2, 0, -2, 0, 0, -2, 0, 0, -2, 0, 0, -1, 0, 0, -1, 2, 0, -1, 1, 0, -1, 0, 0, 0 ]
S:[ 2, 0, -1, 2, 0, -2, 2, 0, -2, 0, 0, -2, 0, 0, -1, 0, 0, 0, 0, 0, 0, 2, 0, 0, 2, 0, -1, 0, 0, -1 ]
T:[ 2, 0, -2, 0, 0, -2, 1, 0, -2, 1, 0, 0 ]
U:[ 2, 0, 0, 2, 0, -2, 0, 0, -2, 0, 0, 0, 0, 0, 0, 2, 0, 0 ]
V:[ 2, 0, -2, 1, 0, 0, 1, 0, 0, 0, 0, -2 ]
W:[ 2, 0, -2, 2, 0, 0, 2, 0, 0, 1, 0, -1, 1, 0, -1, 0, 0, 0, 0, 0, 0, 0, 0, -2 ]
X:[ 2, 0, -2, 0, 0, 0, 0, 0, -2, 2, 0, 0 ]
Y:[ 2, 0, -2, 1, 0, -1, 1, 0, -1, 0, 0, -2, 1, 0, -1, 1, 0, 0 ]
Z:[ 2, 0, -2, 0, 0, -2, 0, 0, -2, 2, 0, 0, 2, 0, 0, 0, 0, 0 ]
